80
23
443
21
22
25
3389
110
445
139
143
53
135
3306
8080
1723
111
995
993
5900
1025
587
8888
199
1720
465
548
113
81
6001
10000
514
5060
179
1026
2000
8443
8000
32768
554
26
1433
49152
2001
515
8008
49154
1027
5666
646
5000
5631
631
49153
8081
2049
88
79
5800
106
2121
1110
49155
6000
513
990
5357
427
49156
543
544
5101
144
7
389
8009
3128
444
9999
5009
7070
5190
3000
5432
1900
3986
13
1029
9
6646
5051
49157
1028
873
1755
2717
4899
9100
119
37
1000
3001
5001
82
10010
1030
9090
2107
1024
2103
6004
1801
5050
19
8031
1041
255
1056
1049
1065
2967
1053
1048
1064
1054
3703
17
808
3689
1031
1044
1071
5901
100
9102
8010
1039
4001
2869
9000
5120
2105
636
1038
2601
1
7000
1066
1069
625
311
280
254
4000
1761
5003
2002
1998
2005
1032
1050
6112
3690
1521
2161
1080
6002
2401
4045
902
787
7937
1058
2383
32771
1059
1040
1033
50000
5555
10001
1494
593
3
2301
7938
3268
1234
1022
1074
9001
8002
1036
1035
1037
464
1935
497
6666
2003
6543
24
1352
3269
1111
407
500
20
2006
1034
3260
15000
1218
4444
264
2004
33
42510
1042
3052
999
1023
222
1068
7100
888
563
1717
992
32770
2008
32772
7001
2007
8082
5550
5801
2009
512
1043
50001
2701
1700
7019
4662
2065
2010
42
161
2602
9535
3333
5100
5002
2604
4002
1062
9415
8701
8652
8651
8089
65389
65000
64680
64623
55600
55555
52869
35500
33354
23502
20828
8194
8193
8192
2702
1311
1060
4443
9595
1051
3283
1047
9594
6789
5226
5225
32769
1052
9593
1055
16993
16992
6059
730
731
709
13782
1067
5902
366
9050
1002
85
5500
8085
51103
49999
45100
10243
5431
1864
1863
49
6667
90
1503
27000
6881
1500
340
8021
5566
9071
8088
8899
2222
32773
32774
9876
1501
9101
5102
6005
163
5679
648
1666
146
901
83
8084
9207
8001
8083
5214
14238
3476
5004
30
12345
912
2030
2605
6
541
4
1248
3005
8007
880
306
2500
8291
4242
52822
1097
9009
2525
1086
1088
900
6101
7200
2809
987
32775
800
12000
1083
211
705
711
20005
13783
6969
1104
5269
5222
5986
5985
1046
1085
5987
5989
5988
9968
9503
9502
9485
9290
9220
8994
8649
8222
7911
7625
7106
65129
63331
6156
6129
60020
5962
5961
5960
5959
5925
5877
5825
5810
58080
57294
50800
50006
50003
49160
49159
49158
48080
40193
34573
34572
34571
3404
33899
32782
32781
31038
30718
28201
27715
25734
24800
22939
21571
20221
20031
19842
19801
19101
17988
1783
16018
16016
15003
14442
13456
10629
10628
10626
10621
10617
10616
10566
10025
10024
10012
1169
2190
3301
11967
5030
5414
1057
7627
6788
3766
8087
11110
1947
9010
7741
14000
3367
1094
1099
1098
1075
1108
4003
1081
1093
4449
2718
6580
15002
4129
1687
